2000.000 2.950 0.091
2000.083 4.184 0.093
2000.167 6.219 0.120
2000.250 9.552 0.075
2000.333 11.874 0.064
2000.417 14.060 0.100
2000.500 14.848 0.120
2000.583 14.519 0.086
2000.667 12.547 0.058
2000.750 9.486 0.047
2000.833 6.312 0.084
2000.917 3.863 0.064
2001.000 3.336 0.077
2001.083 3.720 0.109
2001.167 6.208 0.058
2001.250 9.245 0.098
2001.333 12.271 0.105
2001.417 14.110 0.085
2001.500 15.161 0.101
2001.583 14.427 0.115
2001.667 12.736 0.087
2001.750 9.935 0.073
2001.833 7.319 0.086
2001.917 4.507 0.055
2002.000 4.026 0.065
2002.083 4.704 0.078
2002.167 6.772 0.034
2002.250 9.229 0.049
2002.333 12.248 0.081
2002.417 14.084 0.052
2002.500 15.354 0.077
2002.583 14.560 0.067
2002.667 12.950 0.103
2002.750 9.988 0.079
2002.833 6.892 0.120
2002.917 4.038 0.064
2003.000 3.981 0.070
2003.083 4.085 0.097
2003.167 6.048 0.055
2003.250 9.154 0.074
2003.333 12.153 0.095
2003.417 14.017 0.135
2003.500 14.983 0.184
2003.583 14.691 0.089
2003.667 12.911 0.067
2003.750 10.424 0.085
2003.833 6.727 0.075
2003.917 5.133 0.062
2004.000 3.525 0.062
2004.083 4.499 0.104
2004.167 6.321 0.069
2004.250 9.249 0.057
2004.333 11.571 0.070
2004.417 13.889 0.097
2004.500 14.312 0.115
2004.583 14.188 0.104
2004.667 12.642 0.084
2004.750 10.127 0.091
2004.833 7.315 0.092
2004.917 4.257 0.056
2005.000 3.808 0.064
2005.083 3.920 0.115
2005.167 6.544 0.060
2005.250 9.618 0.052
2005.333 12.226 0.090
2005.417 14.476 0.083
2005.500 15.190 0.094
2005.583 14.510 0.078
2005.667 13.217 0.080
2005.750 10.601 0.064
2005.833 7.423 0.068
2005.917 4.878 0.054
2006.000 3.286 0.064
2006.083 4.430 0.118
2006.167 6.329 0.077
2006.250 9.055 0.089
2006.333 11.786 0.092
2006.417 14.443 0.093
2006.500 15.042 0.116
2006.583 14.913 0.107
2006.667 12.875 0.104
2006.750 10.289 0.077
2006.833 6.955 0.078
2006.917 4.987 0.065
2007.000 4.579 0.059
2007.083 4.221 0.077
2007.167 6.485 0.113
2007.250 9.823 0.109
2007.333 12.518 0.070
2007.417 14.309 0.072
2007.500 15.230 0.115
2007.583 14.752 0.113
2007.667 12.930 0.102
2007.750 10.332 0.100
2007.833 7.084 0.085
2007.917 4.523 0.059
2008.000 2.844 0.059
2008.083 3.576 0.068
2008.167 6.906 0.099
2008.250 9.295 0.083
2008.333 12.054 0.071
2008.417 14.145 0.097
2008.500 15.174 0.072
2008.583 14.377 0.113
2008.667 12.802 0.087
2008.750 10.399 0.078
2008.833 7.224 0.064
2008.917 4.385 0.056
2009.000 3.687 0.078
2009.083 4.094 0.083
2009.167 6.086 0.058
2009.250 9.367 0.084
2009.333 12.112 0.104
2009.417 14.201 0.074
2009.500 15.231 0.148
2009.583 14.655 0.109
2009.667 13.153 0.050
2009.750 10.136 0.075
2009.833 7.031 0.087
2009.917 4.310 0.081
2010.000 3.737 0.079
2010.083 4.399 0.080
2010.167 6.738 0.057
2010.250 9.671 0.087
2010.333 12.406 0.078
2010.417 14.421 0.086
2010.500 15.213 0.090
2010.583 14.768 0.112
2010.667 12.863 0.065
2010.750 10.442 0.070
2010.833 7.487 0.102
2010.917 4.292 0.095
2011.000 3.282 0.082
2011.083 3.743 0.067
2011.167 6.101 0.064
2011.250 9.483 0.046
2011.333 11.986 0.056
2011.417 14.370 0.082
2011.500 15.482 0.113
2011.583 15.012 0.091
2011.667 12.912 0.083
2011.750 10.352 0.087
2011.833 6.814 0.107
2011.917 4.655 0.106
2012.000 3.157 0.085
2012.083 3.628 0.102
2012.167 6.023 0.054
2012.250 9.676 0.055
2012.333 12.590 0.109
2012.417 14.492 0.078
2012.500 15.076 0.076
2012.583 14.720 0.069
2012.667 13.040 0.069
2012.750 10.428 0.098
2012.833 7.156 0.116
2012.917 4.102 0.090
2013.000 3.685 0.097
2013.083 4.222 0.093
2013.167 6.261 0.090
2013.250 9.044 0.098
2013.333 12.195 0.104
2013.417 14.568 0.090
2013.500 15.003 0.126
2013.583 14.742 0.129
2013.667 13.154 0.104
2013.750 10.256 0.077
2013.833 7.424 0.079
2013.917 4.724 0.085
2014.000 3.732 0.075
2014.083 3.500 0.068
2014.167 6.378 0.098
2014.250 9.589 0.111
2014.333 12.582 0.068
2014.417 14.335 0.096
2014.500 14.873 0.078
2014.583 14.875 0.115
2014.667 13.091 0.086
2014.750 10.330 0.076
2014.833 6.713 0.121
2014.917 4.850 0.090
2015.000 3.881 0.130
2015.083 4.664 0.121
2015.167 6.740 0.060
2015.250 9.313 0.088
2015.333 12.312 0.081
2015.417 14.505 0.068
2015.500 15.051 0.086
2015.583 14.755 0.072
2015.667 12.999 0.079
2015.750 10.801 0.102
2015.833 7.433 0.119
2015.917 5.518 0.100
